[array([[ 0.00791631, -0.01088853,  0.02276947, ...,  0.03600451,
         -0.01635246,  0.0502197 ],
        [-0.02816182, -0.0558469 , -0.02458201, ...,  0.01076575,
          0.00980034,  0.04576983],
        [ 0.02563948,  0.0102195 , -0.02103659, ..., -0.04822181,
         -0.00221542,  0.02363885],
        ...,
        [ 0.03892921,  0.04896544,  0.02346843, ...,  0.00227387,
          0.02851219,  0.00344104],
        [-0.05626993, -0.04249918, -0.00542555, ...,  0.00138506,
         -0.00562172,  0.01142813],
        [-0.01017883,  0.04478077, -0.00744406, ..., -0.00186804,
         -0.02163191, -0.00687626]], dtype=float32),
 array([[ 0.00028515, -0.02969254,  0.02187761, ..., -0.03469302,
         -0.0067554 ,  0.02750986],
        [-0.02116994,  0.04767668, -0.03966597, ...,  0.01372507,
         -0.01715044, -0.01170945],
        [-0.02287854, -0.03229389, -0.04962552, ...,  0.02359554,
         -0.02451481,  0.00443399],
        ...,
        [ 0.01382166, -0.052171  , -0.00285893, ..., -0.05879733,
          0.00919632,  0.02986566],
        [-0.01059982, -0.01916028,  0.0484128 , ...,  0.04755329,
         -0.02137374, -0.01641948],
        [ 0.00459128,  0.03863946, -0.03212126, ...,  0.00193115,
          0.00014745,  0.02948203]], dtype=float32),
 array([[0., 0., 0., ..., 0., 0., 0.],
        [0., 0., 0., ..., 0., 0., 0.]], dtype=float32)]




[array([[-0.03492649, -0.03158969, -0.03473425, ...,  0.04969231,
         -0.00363988,  0.01445146],
        [ 0.02077976, -0.01409035,  0.0374002 , ..., -0.01844796,
         -0.0192034 , -0.00223417],
        [-0.03724668,  0.02885398,  0.00509698, ..., -0.01450109,
          0.04599673,  0.00886866],
        ...,
        [ 0.01888231, -0.00590969, -0.01382276, ..., -0.01815858,
         -0.01390356, -0.0094069 ],
        [-0.04426655, -0.04781629, -0.00488347, ..., -0.04802424,
         -0.04431721, -0.00750948],
        [ 0.03475137,  0.01703512, -0.00106978, ..., -0.00290138,
         -0.01297123,  0.04215241]], dtype=float32),
 array([[ 0.02073595,  0.03858064,  0.03035101, ...,  0.04434777,
          0.0310964 ,  0.04886619],
        [ 0.02396614,  0.0014902 , -0.01918702, ..., -0.01212487,
         -0.01967954,  0.03946997],
        [ 0.02146285, -0.03014161, -0.00988799, ..., -0.02147499,
         -0.02959045,  0.042501  ],
        ...,
        [-0.0183853 ,  0.0344386 ,  0.00248877, ...,  0.03482002,
         -0.03483657, -0.03271446],
        [-0.03487631, -0.02265737, -0.02651762, ...,  0.04373057,
         -0.00899162,  0.02932251],
        [-0.02278244,  0.00717628, -0.0125752 , ..., -0.00111566,
         -0.03424644,  0.0100484 ]], dtype=float32),
 array([[ 0.02099162, -0.00631809, -0.01161265, ...,  0.02040425,
          0.05460191, -0.04055396],
        [-0.02219524,  0.01715437,  0.02492411, ..., -0.01108972,
          0.04533906, -0.00295447],
        [ 0.02591538, -0.02228296,  0.0158817 , ...,  0.04717219,
          0.02323591,  0.00104434],
        ...,
        [ 0.05260225, -0.03516557, -0.00750105, ...,  0.04841518,
          0.01456185, -0.04539167],
        [ 0.0278881 ,  0.03255817,  0.00795313, ..., -0.02681451,
          0.00208161, -0.05510273],
        [-0.03627251,  0.02619477, -0.02365522, ..., -0.05869099,
          0.04906537,  0.00347423]], dtype=float32),
 array([[ 0.04257226, -0.0211853 ,  0.00613679, ..., -0.004528  ,
          0.01723477, -0.04663365],
        [ 0.0083908 ,  0.01114988,  0.0374332 , ...,  0.00468737,
          0.00115667,  0.07688574],
        [ 0.01125994, -0.03224746, -0.00468957, ..., -0.00703771,
         -0.03449305,  0.03953245],
        ...,
        [-0.00988784, -0.00345302, -0.037467  , ...,  0.0216819 ,
          0.00843904, -0.00344043],
        [ 0.03165065, -0.01294051,  0.01358354, ...,  0.02259906,
         -0.00356907,  0.04655002],
        [ 0.05111685,  0.0096787 ,  0.0211798 , ..., -0.02882825,
         -0.02757997,  0.00637425]], dtype=float32),
 array([[0., 0., 0., ..., 0., 0., 0.],
        [0., 0., 0., ..., 0., 0., 0.]], dtype=float32),
 array([[ 0.02282534,  0.04990405,  0.02588431, ..., -0.01946566,
          0.02132253, -0.04226128],
        [ 0.00223573, -0.05974578, -0.02444748, ...,  0.00364463,
         -0.02336014,  0.01886199],
        [ 0.01994177,  0.05613233,  0.01241911, ..., -0.01568101,
         -0.04437233, -0.01964005],
        ...,
        [ 0.01308194,  0.04587756, -0.00174452, ...,  0.05760926,
         -0.04190908, -0.05777743],
        [-0.02760758, -0.01777818, -0.0416006 , ..., -0.00255444,
          0.00566144,  0.05193087],
        [-0.00038245, -0.01317133,  0.00140947, ..., -0.02605476,
          0.05517331,  0.05508365]], dtype=float32),
 array([[-2.9898047e-02,  4.4892691e-02,  5.5089198e-02, ...,
         -1.1026210e-02,  1.6407767e-02, -5.1020160e-02],
        [ 2.4494395e-02,  9.3760490e-03, -6.9895489e-03, ...,
         -6.8031582e-03,  6.1368529e-02, -3.9792672e-02],
        [-3.3522643e-02, -3.9763909e-02,  2.2464037e-02, ...,
         -1.0075214e-02,  5.1881019e-03, -1.3331054e-02],
        ...,
        [-1.9663472e-02, -3.6091805e-02,  1.3860454e-02, ...,
          2.9245155e-02,  2.9147461e-02,  7.1989000e-03],
        [ 8.2734264e-03,  1.2146993e-02,  2.2811289e-03, ...,
         -2.9151507e-02,  3.2646693e-02, -1.9745996e-02],
        [-2.2358997e-02,  6.2089120e-03,  7.6578975e-02, ...,
         -4.3614767e-05, -1.2221971e-02,  4.6335198e-03]], dtype=float32),
 array([[0., 0., 0., ..., 0., 0., 0.],
        [0., 0., 0., ..., 0., 0., 0.]], dtype=float32),
 array([[ 0.00791631, -0.01088853,  0.02276947, ...,  0.03600451,
         -0.01635246,  0.0502197 ],
        [-0.02816182, -0.0558469 , -0.02458201, ...,  0.01076575,
          0.00980034,  0.04576983],
        [ 0.02563948,  0.0102195 , -0.02103659, ..., -0.04822181,
         -0.00221542,  0.02363885],
        ...,
        [ 0.03892921,  0.04896544,  0.02346843, ...,  0.00227387,
          0.02851219,  0.00344104],
        [-0.05626993, -0.04249918, -0.00542555, ...,  0.00138506,
         -0.00562172,  0.01142813],
        [-0.01017883,  0.04478077, -0.00744406, ..., -0.00186804,
         -0.02163191, -0.00687626]], dtype=float32),
 array([[ 0.00028515, -0.02969254,  0.02187761, ..., -0.03469302,
         -0.0067554 ,  0.02750986],
        [-0.02116994,  0.04767668, -0.03966597, ...,  0.01372507,
         -0.01715044, -0.01170945],
        [-0.02287854, -0.03229389, -0.04962552, ...,  0.02359554,
         -0.02451481,  0.00443399],
        ...,
        [ 0.01382166, -0.052171  , -0.00285893, ..., -0.05879733,
          0.00919632,  0.02986566],
        [-0.01059982, -0.01916028,  0.0484128 , ...,  0.04755329,
         -0.02137374, -0.01641948],
        [ 0.00459128,  0.03863946, -0.03212126, ...,  0.00193115,
          0.00014745,  0.02948203]], dtype=float32),
 array([[0., 0., 0., ..., 0., 0., 0.],
        [0., 0., 0., ..., 0., 0., 0.]], dtype=float32),
 array([[ 0.01605048, -0.00933341, -0.01336482, ...,  0.00719449,
         -0.00157869,  0.00137537],
        [ 0.00814663,  0.01591048, -0.00818527, ...,  0.01825226,
         -0.01354865, -0.01550253],
        [-0.00063031,  0.008164  , -0.01164981, ..., -0.00252278,
          0.00059288,  0.00752519],
        ...,
        [-0.01194824, -0.01034034,  0.011181  , ...,  0.01203689,
         -0.00649071, -0.0004546 ],
        [ 0.01222092,  0.01471749, -0.01499598, ...,  0.01653963,
          0.00583526, -0.00388928],
        [-0.01377757, -0.00721594,  0.00980308, ...,  0.01859165,
          0.00267008, -0.01776535]], dtype=float32),
 array([0., 0., 0., ..., 0., 0., 0.], dtype=float32)]